100000.00
msft:100.000000:123:7:12:2016:0:0.000000
ibm:100.000000:55:6:10:2016:0:0.000000
