5000.000000
v:100.000000:15:20:2:2018:0:0.000000
v:110.000000:10:21:2:2018:0:0.000000
