4898.000000
aal:0.000000:2:1:3:2018:2:51.000000
aal:51.000000:2:1:3:2018:0:0.000000
